59 0
9 0
10 0
10 0
9 0
9 0
10 0
10 0
10 0
10 0
10 0
10 0
10 0
10 0
10 0
10 0
10 0
10 0
10 0
10 0
10 0
13 0
13 0
10 0
10 0
0 3
0 1
0 3
0 3
0 3
10 0
10 0
10 0
10 0
13 0
13 0
13 0
11 0
7 1
10 1
11 0
13 0
10 0
10 0
10 0
10 0
10 0
10 0
11 0
11 0
11 0
9 1
13 0
13 0
10 0
10 0
13 0
3 1
10 0
10 0
10 0
11 0
13 0
7 1
10 1
13 0
10 0
10 0
13 0
11 1
13 1
13 0
10 0
13 0
0 3
0 3
9 1
0 1
13 0
10 0
13 0
13 0
12 1
0 3
0 3
10 0
13 0
9 0
14 1
9 1
10 1
10 0
10 0
0 3
11 1
13 1
13 0
10 0
10 0
13 0
9 0
14 1
9 1
10 0
6 1
10 0
10 0
12 1
10 0
9 0
10 0
10 0
9 0
9 0
14 1
10 1
11 0
10 0
11 0
11 1
13 1
7 2
10 0
10 0
10 0
11 0
13 0
7 1
11 0
5 2
10 0
10 0
12 1
9 0
9 0
9 0
10 0
11 0
13 0
9 0
1 0
1 1
9 2
9 0
7 1
10 1
13 2
9 0
10 0
10 0
9 0
13 0
7 1
9 1
11 2
13 0
13 0
9 1
0 1
10 0
13 0
9 0
9 0
9 0
9 0
0 2
1 0
0 1
0 1
0 0
9 1
10 1
9 0
9 0
10 0
9 0
9 0
13 0
14 1
9 1
9 1
9 1
9 1
9 1
10 0
9 0
13 0
9 0
9 0
10 0
9 0
14 1
0 2
0 2
0 2
0 2
10 1
10 0
10 0
10 0
9 0
10 0
10 0
10 0
10 0
10 0
10 0
10 0
7 1
5 0
10 0
10 0
9 0
9 0
10 0
10 0
10 0
10 0
10 0
9 0
9 0
10 1
10 0
10 0
10 0
10 0
10 0
10 0
10 0
9 0
9 0
13 0
13 0
7 1
10 0
10 0
10 0
9 0
10 0
9 0
13 0
10 0
13 0
10 0
10 0
10 0
1 2
9 0
10 0
10 0
13 0
10 0
13 0
13 0
10 0
10 0
10 0
10 0
9 0
9 0
9 0
10 0
13 0
10 0
10 0
13 0
10 0
10 0
9 0
9 0
9 0
9 0
9 0
13 0
10 0
Hello9 0
9 0
9 0
9 0
10 0
10 0
10 0
10 0
9 0
9 0
9 0
9 0
9 0
10 0
10 0
10 0
10 0
10 0
10 0
10 0
10 0
10 0
10 0
10 0
10 0
10 0
10 0
10 0
10 0
10 0
10 0
10 0
10 0
10 0
10 0
10 0
10 0
10 0
10 0
10 0
10 0
10 0
13 0
13 0
13 0
13 0
10 0
10 0
10 0
10 0
0 3
0 3
14 0
0 1
1 1
0 3
0 3
0 3
0 3
0 3
10 0
10 0
10 0
10 0
10 0
10 0
10 0
10 0
10 0
13 0
13 0
13 0
13 0
13 0
0 3
11 0
9 0
7 1
9 1
10 1
11 0
11 0
13 0
13 0
10 0
10 0
10 0
10 0
10 0
10 0
10 0
10 0
10 0
10 0
10 0
10 0
11 0
11 0
11 0
11 0
9 0
11 0
7 1
9 1
10 1
13 0
13 0
13 0
10 0
10 0
10 0
10 0
13 0
13 0
2 1
3 1
4 1
10 0
6 1
10 0
10 0
10 0
11 0
11 0
11 0
13 0
13 0
7 1
9 1
10 1
0 3
13 0
13 0
10 0
10 0
10 0
13 0
13 0
13 0
11 1
12 1
13 1
13 0
13 0
10 0
10 0
10 0
13 0
0 3
0 3
9 0
0 3
7 1
9 1
1 0
0 1
1 1
13 0
10 0
10 0
13 0
13 0
13 0
13 0
11 1
12 1
13 1
0 3
0 3
0 3
10 0
10 0
10 0
13 0
13 0
9 0
13 0
14 1
4 0
9 1
9 1
10 1
13 0
10 0
10 0
10 0
0 3
0 3
9 0
11 1
12 1
13 1
0 3
13 0
11 0
10 0
10 0
10 0
10 0
13 0
9 0
9 0
0 3
14 1
4 0
9 1
10 1
10 0
10 0
6 1
10 0
10 0
10 0
10 0
11 1
12 1
13 1
10 0
9 0
9 0
9 0
10 0
10 0
10 0
10 0
9 0
0 3
9 0
11 0
14 1
4 0
10 1
11 0
11 0
10 0
10 0
10 0
11 0
11 0
11 1
12 1
13 1
11 0
7 2
10 0
10 0
10 0
10 0
10 0
10 0
11 0
11 0
9 0
13 0
9 0
7 1
10 1
11 0
11 0
5 2
6 2
10 0
10 0
10 0
11 1
12 1
13 1
9 0
10 2
9 0
13 0
9 0
9 0
10 0
10 0
11 0
9 0
13 0
13 0
9 0
7 1
1 0
0 1
1 1
8 2
9 2
9 0
9 0
9 0
7 1
9 1
10 1
13 0
13 2
13 0
9 0
10 0
10 0
13 0
10 0
9 0
9 0
9 0
13 0
13 0
7 1
9 1
9 1
10 1
11 2
12 2
13 0
13 0
13 0
7 1
9 1
1 0
0 1
1 1
10 0
10 0
13 0
13 0
9 0
10 0
9 0
9 0
9 0
9 0
9 0
14 1
0 2
4 0
1 0
0 1
0 1
0 1
0 1
0 1
0 0
9 1
9 1
9 1
10 1
13 0
9 0
9 0
9 0
10 0
10 0
9 0
9 0
9 0
9 0
9 0
13 0
13 0
14 1
4 0
9 1
9 1
9 1
9 1
9 1
9 1
9 1
9 1
9 1
10 1
10 0
10 0
9 0
10 0
13 0
10 0
9 0
9 0
9 0
10 0
10 0
10 0
9 0
9 0
14 1
0 2
0 2
0 2
0 2
0 2
0 2
0 2
0 2
4 0
10 1
10 0
10 0
10 0
10 0
10 0
10 0
9 0
9 0
9 0
10 0
9 0
10 0
10 0
10 0
10 0
10 0
10 0
10 0
10 0
10 0
10 0
10 0
9 0
7 1
10 1
5 0
10 0
10 0
10 0
10 0
10 0
9 0
9 0
9 0
10 0
10 0
10 0
10 0
10 0
10 0
10 0
10 0
9 0
10 0
9 0
9 0
9 0
9 0
7 1
10 1
10 0
10 0
10 0
10 0
10 0
10 0
10 0
10 0
10 0
10 0
10 0
10 0
10 0
10 0
9 0
9 0
9 0
9 0
10 0
13 0
13 0
13 0
13 0
7 1
10 1
10 0
10 0
10 0
10 0
10 0
10 0
9 0
9 0
10 0
10 0
9 0
9 0
13 0
10 0
10 0
10 0
13 0
10 0
10 0
10 0
10 0
10 0
10 0
14 1
1 2
9 0
9 0
10 0
10 0
10 0
10 0
13 0
13 0
10 0
10 0
13 0
13 0
9 0
13 0
9 0
10 0
10 0
10 0
10 0
10 0
10 0
10 0
10 0
9 0
9 0
9 0
9 0
9 0
9 0
10 0
10 0
13 0
13 0
10 0
10 0
10 0
10 0
13 0
13 0
10 0
10 0
10 0
10 0
9 0
9 0
9 0
9 0
9 0
9 0
9 0
9 0
9 0
13 0
13 0
10 0
10 0